# Created by Octave 5.1.0, Tue May 21 16:27:12 2019 GMT <unknown@DESKTOP-LHF88R9>
# name: X
# type: matrix
# rows: 2000
# columns: 2
 4.9062008330615923 11.170902976674377
 12.257465961253686 2.3243855130704709
 5.5211364571488755 5.1672398883910322
 -0.4352752738666037 7.9869121906136034
 -6.8409892074869214 9.1752587355063255
 -5.2772989865761017 10.29567406684783
 5.0687388326879415 11.267898208073657
 -5.1790117237702491 5.9648511131427657
 -12.204009108234752 2.0308112587766178
 -7.4444169454804294 2.8237834819447869
 7.6318130130076831 8.5014094590047389
 7.6725433129192684 5.0578659571808986
 1.7413092187155719 9.4062721813894026
 8.778706273207133 0.87726258034952898
 2.6434120730774127 6.8981600433290424
 7.462917569752336 3.1634899143240656
 0.7948718621643881 7.8575212409466459
 8.0666863167834695 4.6812635813975314
 -1.5099348901014558 8.4940836578067547
 7.603794168664864 9.9462054829379447
 5.065817618905025 11.807716434165348
 1.2308220536008474 7.2776110019037272
 -7.3098593764049333 10.212414368958102
 7.4619540233397919 6.4487161131424848
 -2.6033477969846661 11.591426909638828
 -2.4366929779352811 9.1879304145471341
 -5.4000578683691627 5.4053792952918256
 4.1379906291148343 7.9632805063450904
 8.7844763045689724 2.681767625461478
 6.3752028594592298 3.5767565521077458
 7.4242894308462271 6.2946033517860407
 7.099727320861926 6.3190199965061238
 0.3800953526722271 8.689163591910809
 -5.8120020279982985 6.5994931521031912
 8.9464944718840478 0.44044505682293372
 5.9831704064302853 11.199799963828449
 -9.3519924022409704 2.4180143334668727
 0.77814313114492306 7.3832690035786763
 -7.3038602406718436 0.19890887866979173
 -7.2851500665950635 5.9197965014006888
 2.1589309944182609 7.4133547276800815
 3.3657877890867698 11.176759656647977
 0.66573322734616391 10.931997244270944
 8.7351693252934801 5.2948129985534003
 8.2547182553947973 9.1592368767064176
 0.27219017150890318 12.947743377798821
 11.121915937688234 3.4661133791680356
 -8.7359488043730877 1.8887731349679997
 8.4895540560450069 6.0444673641061826
 -6.2809804928338391 5.1187684124852382
 -10.919956914731149 5.1855987815585003
 5.2434729874603656 5.4837673476764941
 -8.4913806499287574 6.7450702477177797
 10.631588403486257 3.204023002982145
 8.0400626884362563 5.6180002361781725
 -9.7910003208819045 4.307087527883497
 -3.967578083392568 7.9914631894830315
 1.1039322125349147 7.1964939636241905
 6.9722090065026112 3.3106576970230925
 -3.8316433761797799 8.8841716928981569
 7.4948617242078592 10.321939388612753
 -5.6407903847997503 7.7951150090032204
 2.6765702976212435 10.309250652829613
 -5.4432694295193933 6.1777295352810944
 -5.8361784233253653 9.2437519656296292
 4.6447597469395978 7.322295617352526
 -8.3600383298182965 5.8081028725259127
 9.6425468167635806 8.6613123637612901
 11.274026931491912 3.5819231795819544
 6.1973952121800364 7.2898968027041953
 1.455215380298559 11.756596162083765
 3.6817288619880397 6.1038507811574663
 -5.8845833782138071 8.959705143212382
 2.3084961583004171 8.4498836742790573
 3.4169596522156374 9.7183670804181173
 -5.5775246393663025 8.362930514843498
 7.1603116372423461 3.6713459365450269
 -5.7274222220369273 8.485464818647948
 -8.9655720575910376 8.9939960918080555
 7.1209645212541179 3.27436604476038
 9.2671556213617023 5.5724644628601467
 -5.7187921125916947 8.1558069160771094
 6.3368101412360147 5.3576892444661484
 -3.7581512020254157 9.5847240068596573
 -2.8772191604634836 7.5326232801640751
 8.2816916995527361 6.8841892801776066
 0.87280325591191388 9.8216697973773854
 5.07233827399922 7.4694342571041314
 6.8912462156388878 4.0339330881459992
 7.1262725515794862 10.096231245806688
 -7.0451712525798991 7.7960928838704895
 -12.310759246089079 2.1666225125690541
 -7.5342640084875434 3.3385836936116284
 8.5184631576619214 0.5975595493477277
 -2.1307748671710169 8.8025902683592783
 6.8246177407754773 3.0946012138817713
 7.1584461517973423 5.5302660344436774
 -7.5525502550513819 0.60539054783474966
 4.5519790237842885 5.600125016877473
 -7.0467483703774363 4.4526786434835461
 9.1912866900316281 4.9853081520239044
 6.695637782342228 3.3016155704608288
 -6.9402144405184192 5.4651799670411716
 -10.429774579134394 2.5781344497996117
 11.861625902033749 2.4539087622699398
 -1.343471755879925 11.921941838945559
 6.4446845100175487 5.0713326503970828
 -0.39123991413631798 7.7155150701668065
 5.106149413497703 11.660304829757274
 5.387200940892253 8.5592470194471719
 5.6171179320958364 9.2401123686111664
 8.3873475976198861 2.3821130774292611
 8.053669752831162 0.066830371143532491
 6.6025648177191467 9.8551503293879481
 -6.3648373817665806 8.9135868946969623
 7.9919729713387246 7.8143609830004479
 7.5706515546246678 0.96381912644983192
 -1.9264529077864812 11.529018988234782
 5.9092619292092605 9.3446985257225545
 2.9553319876015491 11.725403575088245
 -5.7441482700648256 9.9209482309378458
 -6.949551556619828 10.695354058023389
 0.11264629569588415 11.611407576216683
 5.9165367546064722 10.988714748649722
 6.2995518807062956 11.34877446464318
 5.9900774913757155 4.5545299152305159
 -7.5226513784761684 7.3489001186118701
 -12.293688555897266 2.8494314390850994
 -12.322196179189277 3.2356412842959599
 3.0978644089421969 9.0835832406818948
 7.7187190901913514 3.9943140201267564
 3.7427919506509291 9.6892664022174362
 0.042417130150520573 10.056432198699291
 4.4309427966760859 7.5430679636975402
 7.2067456639596887 3.4534482838000589
 -4.7487467945916038 9.0422901828706763
 -1.3935526542447225 7.2011036156279129
 -0.37306595947019094 8.033580503647153
 7.2213464881819203 4.2374507090121165
 -0.86225529638820031 8.8693843474472445
 8.430267344324557 1.8016956875150543
 -6.6741746471232339 5.5784028282815763
 -7.314580526448168 5.6451356145309468
 1.41271796251854 9.9112156315875701
 7.9966429069512523 2.7550916706442621
 7.4598370372748901 3.8881464323672339
 -2.1100183864143132 12.048427083825356
 -3.076018410572996 11.223386996056737
 -6.5463781969033263 10.431185686903369
 11.50020316231506 0.71038768756014259
 8.56333100078289 2.0580440411304535
 5.6992240376873609 8.3256566550802287
 6.5334311766633348 2.5776378352515659
 -8.2286415328459519 10.01210025096066
 -6.1931959234866927 8.5828016555503268
 6.8581183471190004 1.9198477521466257
 -4.5070411096622083 9.2506877182948184
 -9.9448024046743324 1.7488358967946969
 11.98892868332126 3.6908208343726137
 11.905582060630431 3.2043316438022247
 -6.2833013969597751 4.9280289729187627
 -6.5774663525534685 9.0292697033729841
 6.4874693788602906 9.1452826970211092
 0.65066486931672762 10.061497142490561
 -8.5994419792537542 8.2868751741323994
 9.9425686025321429 1.4695271291927954
 7.3273410601109337 6.781280149173142
 -1.9980254166995723 8.0796855162857337
 9.3265890048988176 5.6879261756055328
 -1.897144046650691 11.447711527721225
 5.7259368228524048 11.334806160922867
 -5.8483091151609639 5.6429283385410995
 10.305682776021516 1.8291605983730139
 -7.7271426345992866 4.6324407197522826
 11.963113736804125 4.9566572736839154
 -6.7583701168417125 5.3930482033521105
 -8.2231196613977353 9.1545348259458592
 -8.5740890244436621 5.1889696886898165
 8.8370422593719749 8.4065534472965613
 -5.3753120489644779 8.7576253011044294
 11.37792195404219 5.6316890731922529
 -6.2516317473175365 10.359369521767768
 9.9538696058376797 1.0365212195964146
 5.3463788032817732 4.8758328367311297
 9.2423435504608982 2.2023017694876872
 -8.8478836990744849 7.9859459882152235
 -8.5892267114643417 9.2065847242548475
 -7.9573914592409247 8.7682875318556679
 10.355605533608026 3.5485036267497825
 -3.9553573320240245 8.1137739106140767
 -9.0461160058959926 0.547731939931412
 -5.8145118733523491 5.1312214925782449
 -9.0688709096454918 5.6159162105023537
 11.56586242531624 0.10068085900198945
 -4.5361611560779913 8.9846040725483309
 11.383282842063354 5.6224936892088522
 -7.2442158042512022 8.4490807218359354
 1.902477428582281 10.518371756054092
 -10.428417624398827 0.26605651809024761
 -1.5791182157358981 6.9552980263750808
